# Frame list with one line of data per frame:
#   FRAME_ID, RIG_ID, RIG_FROM_WORLD[QW, QX, QY, QZ, TX, TY, TZ], NUM_DATA_IDS, DATA_IDS[] as (SENSOR_TYPE, SENSOR_ID, DATA_ID)
# Number of frames: 171
1 1 0.65150341647797627 -0.28307176334712914 0.58121944610053233 0.39698568058263994 -0.42238841767749152 -1.1890432332496399 2.5031745578528928 1 CAMERA 1 1
2 1 0.56887581913653351 -0.27785396220217329 0.62719149969731092 0.45366099765984869 -0.30081794191439776 -1.2984017683301576 2.8472398643511787 1 CAMERA 1 2
3 1 0.65940117839829082 -0.28258021590106663 0.5678210152351707 0.40363077455212965 -0.29370454429701032 -1.2752718580491442 2.5770539285975715 1 CAMERA 1 3
4 1 0.68767720851983216 -0.29950118128058123 0.5409754230859799 0.38045327033796533 -0.069886790032267151 -1.1978196976650275 2.5633173834342631 1 CAMERA 1 4
5 1 0.73827848278646047 -0.30389072274291495 0.4983916481727183 0.33793649627850514 0.018519515538299967 -1.3111597819130549 2.5754842401792164 1 CAMERA 1 5
6 1 0.78229646883066772 -0.3302440592384972 0.43947522980943265 0.292937909080908 -0.28590740226689021 -1.3049916492668023 2.4408688880436107 1 CAMERA 1 6
7 1 0.80461396613384606 -0.33887754594317876 0.40896967508077248 0.26552246462817081 0.090185466549588936 -1.283666902501913 2.5712655294278282 1 CAMERA 1 7
8 1 0.84586819224319854 -0.33460898984331955 0.3503340260589024 0.22318130623467761 -0.005676184840198893 -1.4551310836416016 2.5599011824142117 1 CAMERA 1 8
9 1 0.85297455595902372 -0.35656660268494345 0.32092677494362792 0.20567126649220124 0.19983513594434232 -1.3601935657794062 2.6996460226088708 1 CAMERA 1 9
10 1 0.86416410246325481 -0.35990579048109389 0.29885283061043466 0.18540553289529188 0.38514291408891121 -1.3359960734067395 2.7086437688005223 1 CAMERA 1 10
11 1 0.90870135223217796 -0.37252314640082407 0.1704783414029809 0.080159172647491103 -0.13895851473073595 -1.3316711436936026 2.7593281085660153 1 CAMERA 1 11
12 1 0.91796566027245885 -0.37246080416595806 0.12723293432664326 0.049231863089149681 0.072686075615110105 -1.3676381951638028 2.6206470380380096 1 CAMERA 1 12
13 1 0.92750136669083838 -0.37046006838844053 0.012061234906776689 -0.048529157511568569 0.12114142165849154 -1.3663776797130336 2.7138677078109343 1 CAMERA 1 13
14 1 0.92398520669415873 -0.36741185167415374 0.10089562467428115 0.032862470712184462 0.20409884853274818 -1.4547199731079081 2.6725408882571609 1 CAMERA 1 14
15 1 0.91422450406624789 -0.37603896309174073 -0.069095052962032152 -0.13421672048550942 0.11863900594719391 -1.5232357052690204 2.4988149737370922 1 CAMERA 1 15
16 1 0.90613996552312759 -0.3725851906048917 -0.11371316433715824 -0.16480277570505922 0.062016793591397709 -1.5941445506688343 2.6074824521526079 1 CAMERA 1 16
17 1 0.89653351101437351 -0.37506559933492545 -0.13989379634950663 -0.18969234451262434 0.099004842200481655 -1.5577644254013305 2.5778413800711975 1 CAMERA 1 17
18 1 0.88557673610211285 -0.37759816424706349 -0.17845967556753334 -0.20328702621738348 0.21607605402764191 -1.49914718725662 2.6749393458157682 1 CAMERA 1 18
19 1 0.8522880106126709 -0.36114289183756731 -0.25753129227991067 -0.27723382213888365 0.053134540307691214 -1.4610030183810661 2.7568267180837238 1 CAMERA 1 19
20 1 0.84255635435038612 -0.36367890629353189 -0.276350928512409 -0.28542355749176807 0.20463018219216808 -1.333055248447665 2.8155970311405571 1 CAMERA 1 20
21 1 0.83164895000480055 -0.36322079389385858 -0.29515289709784892 -0.29885689915706254 0.27961478355848479 -1.3031939423664229 2.8085193257769463 1 CAMERA 1 21
22 1 0.82367188574278538 -0.35264405567645501 -0.31644280611341769 -0.31156178374770466 0.39200012204825385 -1.3769669557079538 2.7566734802718722 1 CAMERA 1 22
23 1 0.8207429024150299 -0.34458112880436442 -0.32852241468649385 -0.31578150176319408 0.60225287226939084 -1.4338874887443696 2.701417947800612 1 CAMERA 1 23
24 1 0.67927222297677892 -0.28500122961012447 -0.50624820647305124 -0.44841532049621302 0.011010444413315721 -1.4597649248718245 2.6055739820067219 1 CAMERA 1 24
25 1 0.66687410794363733 -0.28040448847917132 -0.52067387442398505 -0.45337728602944855 0.1294279575173527 -1.4304051104984166 2.5980914330221405 1 CAMERA 1 25
26 1 0.62668920124012872 -0.26191686959827892 -0.55348355908558744 -0.48199185500462438 0.12784654037506105 -1.4518891070058615 2.4955730801369467 1 CAMERA 1 26
27 1 0.53199569756588594 -0.22176610783478617 -0.61761882060865403 -0.5351143463010235 0.14119268870806956 -1.4578352860505994 2.4596931204739012 1 CAMERA 1 27
28 1 -0.48879058690089533 0.2200286765512198 0.64581424825582112 0.54368658287837657 -0.0194717190738058 -1.417968204100329 2.584948841673878 1 CAMERA 1 28
29 1 -0.45465965667579578 0.19772337058142903 0.66720519046260807 0.55590223883082301 0.23990988958017306 -1.4577662313709834 2.608978586989267 1 CAMERA 1 29
30 1 -0.35359561076922297 0.15238842953463533 0.71239960505679689 0.58671518925593513 0.16357562359114883 -1.4234573747903416 2.8169814457755442 1 CAMERA 1 30
31 1 -0.27773556582107534 0.1170327623596891 0.74263847982948428 0.59804211915972993 -0.125207384564574 -1.423707296651872 2.9450007818908648 1 CAMERA 1 31
32 1 -0.23723248737606709 0.086895570489091287 0.74325668047927351 0.61946704003172826 0.12063773955414536 -1.3371949247450963 2.5705128217948405 1 CAMERA 1 32
33 1 -0.13216888315865619 0.041237486608346051 0.7646925483332031 0.62934582110830917 -0.18949092790624994 -1.4464184800242976 2.6413356373238011 1 CAMERA 1 33
34 1 -0.1187862590173282 0.037661148527866152 0.77054248308017281 0.6250885891846627 -0.015053767925581966 -1.3550570848916683 2.6196939352298569 1 CAMERA 1 34
35 1 -0.00036731827156273058 -0.03037874358149717 0.78259955814431093 0.62178366704829602 -0.14880458539409039 -1.3268708669616356 2.7293557907252888 1 CAMERA 1 35
36 1 0.039859861282324272 -0.039867539357645976 0.77512418448725195 0.62928870114367463 -0.13317228290072661 -1.4803451356310817 2.5804475160623466 1 CAMERA 1 36
37 1 0.11413452218153247 -0.055445643009091113 0.77923057555801212 0.61375793406947587 -0.44878433507693244 -1.4579394263243706 2.5206023170616039 1 CAMERA 1 37
38 1 0.15121196798091144 -0.10642550919582602 0.79019434998341131 0.58429567941757288 -0.2110338767602187 -1.2408484034553691 2.8769520156877362 1 CAMERA 1 38
39 1 0.3083661240635252 -0.15711780730494124 0.74878967901445703 0.56527722823332682 -0.60785716549398505 -1.5207248770578052 2.7996684446829923 1 CAMERA 1 39
40 1 0.31520440623760404 -0.17427546882272135 0.73433197752169743 0.5753527527040202 -0.52440644703390071 -1.5235625237850383 2.6627274450533345 1 CAMERA 1 40
41 1 0.34614342097687989 -0.18872484252512603 0.73159822989999856 0.55617595771075712 -0.40249718099995863 -1.4317747412731725 2.6721536832565778 1 CAMERA 1 41
42 1 0.3819612302332967 -0.21409018166125471 0.72185104728255389 0.53591237926735524 -0.25073058202671394 -1.369721064739494 2.6942588257433169 1 CAMERA 1 42
43 1 0.42117465411278404 -0.21177164494116069 0.71107013517529372 0.52167417416782402 0.12457801930043802 -1.4447425085616097 2.5238268096708496 1 CAMERA 1 43
44 1 0.44393146541747991 -0.23074781237220043 0.6969160479842228 0.51379794001123169 0.091505185739304079 -1.4632445863483936 2.5131608910215411 1 CAMERA 1 44
45 1 0.50899058362916372 -0.26248353073595848 0.66308132133654762 0.48203126782793521 -0.063599176703173749 -1.4366149319547938 2.415654061332781 1 CAMERA 1 45
46 1 0.57344228245644735 -0.29721023287052184 0.61351826658413333 0.4543405801112097 0.069367578468771854 -1.4153532301788663 2.3566252091133593 1 CAMERA 1 46
47 1 0.54604309761474423 -0.34673338611823434 0.63962434088206166 0.41532348482775044 0.1987982125127509 -2.1788693308283693 2.9713887886254278 1 CAMERA 1 47
48 1 0.55298747409252003 -0.37314533038496439 0.63243642522904853 0.39368970516406993 0.007381182439641581 -1.9165767315189457 3.0976805646945378 1 CAMERA 1 48
49 1 0.56237463138564414 -0.38307526227777111 0.62417820130859181 0.38391364968681313 -0.040183679883603329 -1.8879569913819174 3.1245493992414985 1 CAMERA 1 49
50 1 0.57232526899710823 -0.38619547669265369 0.61321069331111766 0.38375706619998573 0.13648204200760017 -1.979723282831555 2.9786403982014358 1 CAMERA 1 50
51 1 0.72953631964307097 -0.42441858354204587 0.48854973541724112 0.2212798686947143 -0.50792725102336322 -1.7348681717138819 3.2716227534280651 1 CAMERA 1 51
52 1 0.7497604344905372 -0.44008884572108092 0.42498493433300349 0.25212874555357689 -0.30537567759449136 -1.6831705180657799 3.0761643090147754 1 CAMERA 1 52
53 1 0.78517656807516967 -0.45211803220829838 0.39380148651058627 0.15494331582823087 -0.51897508186716035 -1.5302852000794684 3.0400140867521661 1 CAMERA 1 53
54 1 0.78567824972093336 -0.4604258297335837 0.38256393313769049 0.1560851699932205 -0.26403260233668913 -1.5487759450636243 3.125607807809895 1 CAMERA 1 54
55 1 0.79449556499467688 -0.4633094921735158 0.36647972163729331 0.14076123505553723 -0.20621578228151349 -1.4993319046999003 3.1562345371191673 1 CAMERA 1 55
56 1 0.80396798115191626 -0.46015945740949771 0.35276514408359955 0.1320814603144049 -0.26131151004022868 -1.4409574668773484 3.1909304965850191 1 CAMERA 1 56
57 1 0.80700379126383237 -0.45592926638111414 0.34945161646550993 0.13695602466712456 -0.15995923357290953 -1.5832082770005615 3.225200088843732 1 CAMERA 1 57
58 1 0.85390252225007945 -0.45199225878004623 0.24100970473977382 0.092020664630893964 -0.21035187950023806 -1.78303062567319 3.3854209326528197 1 CAMERA 1 58
59 1 0.84091789203106271 -0.47854722160464513 0.23959556464681142 0.080272168016593967 -0.33423800988139579 -2.0143104153449296 3.3675187834017839 1 CAMERA 1 59
60 1 0.83980504031501413 -0.47775115013504993 0.24342755722668707 0.084996218673435611 -0.21271183808961938 -2.0245524763223082 3.3750773771146894 1 CAMERA 1 60
61 1 0.86164060736871639 -0.49975116359620619 0.06946518344831254 -0.054761542217144056 -0.45592804065033765 -1.7630016374731585 3.8857899046508861 1 CAMERA 1 61
62 1 0.86866467953886173 -0.48814726701218247 0.048347337128047604 -0.069256445352117668 -0.60706495671578375 -1.98210489844779 3.9574854657326615 1 CAMERA 1 62
63 1 0.87603500713650306 -0.45231337521124509 -0.09193794399939606 -0.13972362480812808 -0.59526722713616353 -2.1138472554173053 3.5418942236633715 1 CAMERA 1 63
64 1 0.87077153361606308 -0.46519107909152269 -0.086363649961707853 -0.13377412359229252 -0.42968791809739115 -2.0442624500942816 3.6166756907781594 1 CAMERA 1 64
65 1 0.8663239621946941 -0.4737881174119023 -0.083567631409693921 -0.1342537273491709 -0.27405938190950874 -1.9238403666396966 3.6653123231614231 1 CAMERA 1 65
66 1 0.86469303755488314 -0.47503360714194404 -0.082687404789435634 -0.14075445278573129 -0.20060638571195258 -1.8705546453107991 3.6874176951756161 1 CAMERA 1 66
67 1 0.86377916724153092 -0.46911765054150595 -0.095696878876176644 -0.15702320708514161 -0.1420682735614365 -1.8697169977378756 3.6315946609479504 1 CAMERA 1 67
68 1 0.85761049882532359 -0.49022472440778742 -0.048256435276438185 -0.14783527433701127 -0.77475194288501825 -1.7314902351442765 3.743211486123398 1 CAMERA 1 68
69 1 0.85917891046797701 -0.49659545820276885 -0.024305881052644664 -0.12088744701455464 -0.69730196177377912 -1.6775545787282324 3.8314295633907562 1 CAMERA 1 69
70 1 0.81968853226068383 -0.44724199911622259 -0.24295465564989771 -0.26278953480854311 -0.5551978478703653 -1.6069052601775644 3.3315234432202825 1 CAMERA 1 70
71 1 0.81714435453108714 -0.44667168525507595 -0.24462268314504232 -0.27003565012842939 -0.51746117582406326 -1.6934145678069334 3.3152471651885964 1 CAMERA 1 71
72 1 0.81744447057717218 -0.44623706209213659 -0.24277897045180138 -0.27150578897060162 -0.45899019829397725 -1.9061364201333966 3.3444951127632057 1 CAMERA 1 72
73 1 0.81565292340102147 -0.44785003766318704 -0.23883887371781043 -0.277662825588261 -0.42232061913547675 -2.0169803626555143 3.3002897551524537 1 CAMERA 1 73
74 1 0.8195425467480657 -0.44601780249745443 -0.23814315685495355 -0.26964044720366653 -0.42329201633401964 -2.0698805076495619 3.3098656397231538 1 CAMERA 1 74
75 1 0.82535411743702991 -0.44876153626634291 -0.22500514181836223 -0.25841120438733317 -0.58261085436093152 -1.9884426182397745 3.344267762863451 1 CAMERA 1 75
76 1 0.81212036635233642 -0.44372503335721275 -0.25648425979999018 -0.27889860129218735 0.15839398568789245 -2.1598695431780626 3.7446053997118804 1 CAMERA 1 76
77 1 0.81596856109797056 -0.44443121783787126 -0.25320919617446991 -0.26937205289994892 0.13949045885535871 -2.1290184082700843 3.7526038969703315 1 CAMERA 1 77
78 1 0.82263666797225321 -0.44569737517120928 -0.24242715069968052 -0.25661613136480249 0.1382223958606871 -2.1233455374067471 3.7316983487813724 1 CAMERA 1 78
79 1 0.82357313376791996 -0.444886447620018 -0.23437750911197816 -0.26243194409635739 0.17191307827456714 -2.1416800319063469 3.639034065216844 1 CAMERA 1 79
80 1 0.82098114505290576 -0.44174847868998163 -0.24236585869357574 -0.26852752481343956 0.32988779932072732 -2.213161665385055 3.6656796195044086 1 CAMERA 1 80
81 1 0.80739921333735043 -0.4314116285959117 -0.27128694517258767 -0.29731113398824527 0.36625690191978111 -2.382983278389879 3.7696182286282407 1 CAMERA 1 81
82 1 0.80042949170943878 -0.4071294643301035 -0.294986183090993 -0.32640677055088768 0.25595271716599938 -2.4690241564841884 3.7706009178871343 1 CAMERA 1 82
83 1 0.66803988269826275 -0.32759359061612808 -0.48592054874632973 -0.45856992358613086 -0.4086692090685633 -2.2618871729590748 4.1180740370723123 1 CAMERA 1 83
84 1 0.67158920393836863 -0.32501842275488224 -0.4887813419008642 -0.45213246491813375 -0.22258637027091796 -2.3158382257254253 4.1354275616157015 1 CAMERA 1 84
85 1 0.66875907173298743 -0.32323154317402875 -0.49097431074102293 -0.45522181369585796 -0.10357036178293456 -2.4226434487456525 4.1052953095227256 1 CAMERA 1 85
86 1 0.66129314277836515 -0.31620942976063332 -0.49975871804131472 -0.46145877344186409 -0.05141240131584892 -2.4997700371014591 4.0676269658146005 1 CAMERA 1 86
87 1 0.60207099364359096 -0.22363663372001219 -0.57502900388897427 -0.50679267887160162 -0.093973582044246287 -3.003817877125988 3.8996914429870451 1 CAMERA 1 87
88 1 0.5981775550016506 -0.2135242688371965 -0.60037522978313196 -0.48594298304702349 -0.026523272508261773 -3.0197226339787324 3.8960251501234722 1 CAMERA 1 88
89 1 0.59919120995446717 -0.21849455577217552 -0.59632744920880421 -0.48746650790730472 -0.13265894632249658 -2.9442363340403088 3.9779992658452419 1 CAMERA 1 89
90 1 0.607210691334227 -0.20880488488991519 -0.5976995454745897 -0.48005306968603845 -0.43304849844689691 -2.9483514331466294 4.0603479470534962 1 CAMERA 1 90
91 1 0.59607719841233775 -0.18190575361726063 -0.61124640160005406 -0.48783204780418071 -0.31860094328677219 -3.0288609245368421 3.8243746133981711 1 CAMERA 1 91
92 1 -0.49740959830684445 0.15281347835529946 0.67305008256376042 0.52558093449638521 -0.018328683119698111 -2.9469254400768863 3.9305394958625883 1 CAMERA 1 92
93 1 -0.49304362778864258 0.13201421309271655 0.69615359735947036 0.50482709665983039 -0.023485473601807721 -2.5945990842445914 4.3084211405518538 1 CAMERA 1 93
94 1 -0.50130674489531535 0.1274502053203494 0.69235806291566171 0.50307882623097633 -0.40025368312599618 -2.6840916503983943 4.2025963826060426 1 CAMERA 1 94
95 1 0.57732076297059298 -0.14061486991378536 -0.684282660402598 -0.42271200086409239 -0.21473351553067965 -2.4183442408637523 4.1319476417492087 1 CAMERA 1 95
96 1 0.58861268207873552 -0.13343960152214629 -0.6790451576033526 -0.4178835449944473 -0.12401320817432487 -2.3892092814250652 4.1829123343319896 1 CAMERA 1 96
97 1 -0.46671336646885148 0.10120159326312349 0.72165720856801263 0.50114643010016613 0.75484124023668642 -2.2309542567724554 4.3154472121905894 1 CAMERA 1 97
98 1 -0.44084576524896074 0.086014672980730178 0.73787642434129475 0.50378057693343214 0.5170664574818078 -2.1086927801126154 4.4217620981625094 1 CAMERA 1 98
99 1 -0.44617698585897142 0.083729083792226891 0.73446064888903406 0.50446317313617328 0.36996833033369497 -2.1900390686705138 4.4019674256771273 1 CAMERA 1 99
100 1 -0.10469733926710573 -0.039973823598969685 0.82237604655957852 0.55779763232045454 -0.098692038107581662 -1.7371514697121326 4.7673461382703186 1 CAMERA 1 100
101 1 -0.106750085143792 -0.059432765036739062 0.82879642461557845 0.54604821426895511 -0.11642455419325035 -1.6276592372966732 4.8134611860717849 1 CAMERA 1 101
102 1 -0.10613494885732905 -0.03336073124453507 0.82040318775049492 0.56085741839678682 -0.11187947762884275 -1.7704909248724598 4.7329117112022967 1 CAMERA 1 102
103 1 -0.13312863120287816 -0.015942564654562834 0.82003168998617815 0.55639071667731477 -0.042676270237784558 -1.7268257568740293 4.5868343132560696 1 CAMERA 1 103
104 1 0.056826677909378259 -0.069316748693663235 0.80800997364879934 0.58231074136786298 -0.072342567820422879 -1.9269594249423669 3.9259295258111044 1 CAMERA 1 104
105 1 0.058834578618955947 -0.06857828914575792 0.80785714438379963 0.5824108042306767 -0.083164016408864727 -1.9297879069701045 3.9282613754890665 1 CAMERA 1 105
106 1 0.074799981702581467 -0.076485168186206168 0.81085989209975817 0.57537919424392625 0.018540658432371279 -1.8758316595326816 3.929493019372289 1 CAMERA 1 106
107 1 0.077924859535487168 -0.075378151089276549 0.80817521783071244 0.5788770749382095 0.13979982549069853 -1.9063043523199612 3.9156346438217677 1 CAMERA 1 107
108 1 0.12907285616632477 -0.098809946641604363 0.80297325543086773 0.57342021529459974 -0.088025508258661275 -1.9301277188151762 3.8797099826565735 1 CAMERA 1 108
109 1 0.26586941296783961 -0.16658389342370891 0.78302183453882002 0.53706616755796088 -0.42496576608367864 -1.797273640003165 3.8486066759738664 1 CAMERA 1 109
110 1 0.27442340684118466 -0.16629605900224989 0.77553716365078917 0.54367225635900074 -0.40436527754904211 -1.8882796070061167 3.8084493923614797 1 CAMERA 1 110
111 1 0.43032469842019644 -0.23933414322680296 0.73787855433354443 0.46160054253661525 -0.4946008889410331 -1.777946582486216 3.7778215268780531 1 CAMERA 1 111
112 1 0.46369979093291991 -0.25926078173508932 0.72012750797831659 0.44629891686605766 -0.57675970275967914 -1.8649488540362982 3.7909279755172265 1 CAMERA 1 112
113 1 0.51409767072652213 -0.26418083451239421 0.70126302533701945 0.41730353572078732 -0.35078656385756546 -1.8837035957599584 3.5436062929948373 1 CAMERA 1 113
114 1 0.57340538763061555 -0.31405125823031327 0.62993906639801267 0.41923125034489123 -0.0087734438187325389 -1.8368382730337491 3.3390705973925638 1 CAMERA 1 114
115 1 0.55954774529911266 -0.1310029516940496 0.5578034726542781 0.59883205765302339 -0.33628734825967327 -0.3015106973600909 3.2659521879060982 1 CAMERA 1 115
116 1 0.55866786042514127 -0.12679259826064704 0.55924798564904155 0.59921244087702197 -0.47647368883009228 -0.3300470768539806 3.2933239875309903 1 CAMERA 1 116
117 1 0.59488903525355041 -0.11024244367722742 0.54278113907398073 0.58253092142196661 -0.43535528051273453 -0.38066656341407384 3.2732469319833255 1 CAMERA 1 117
118 1 0.62293296500433848 -0.11589806557628499 0.52972903932406146 0.56383446542703108 -0.46820958284121539 -0.29420953431323421 3.2569483545260112 1 CAMERA 1 118
119 1 0.64820393380007912 -0.11933638749917699 0.50499576817686997 0.55728786183461954 -0.33726852533341123 -0.3892047520706266 3.1282116969547569 1 CAMERA 1 119
120 1 0.67773295765072916 -0.12793271072508797 0.48689630253524874 0.53595079085493413 -0.32576402767130574 -0.31426904146161638 3.0911726070465351 1 CAMERA 1 120
121 1 0.72153888355226725 -0.13017494427642406 0.47059091290409899 0.49089745985986155 -0.4116243242134851 -0.32123059734862963 3.0970485057758639 1 CAMERA 1 121
122 1 0.74041876778688676 -0.13412778527508726 0.45912722534794342 0.47222026266398942 -0.25077285621243339 -0.33245964590413868 3.0709508846635925 1 CAMERA 1 122
123 1 0.78744046710533155 -0.13324859308068912 0.41755015403183127 0.43339842186485633 -0.27206154578146319 -0.39303244112002778 3.0319705404329222 1 CAMERA 1 123
124 1 0.80217092522476019 -0.13987467980879958 0.40012217389621868 0.42054622412881354 -0.14458777956787255 -0.44800490065740955 2.9961100911417562 1 CAMERA 1 124
125 1 0.84240169383078045 -0.13109459220294367 0.36769775760011303 0.37144576075387437 -0.17615130609203192 -0.48654921809902657 3.0216925342077658 1 CAMERA 1 125
126 1 0.85450935173755016 -0.13577393471901564 0.35514397903171646 0.35390953731357416 -0.11811662907540342 -0.42278977139101936 2.7776636048570214 1 CAMERA 1 126
127 1 0.88882742430208805 -0.13519875427106295 0.3068529864842825 0.31232731442790163 -0.28955939382938672 -0.46324631833525315 2.9200032449417566 1 CAMERA 1 127
128 1 0.89910289147966604 -0.13335960801386693 0.29395589517575776 0.29566727443988561 -0.31668055814383422 -0.43686596825610874 2.973635098561183 1 CAMERA 1 128
129 1 0.91781509585469845 -0.13596409588651659 0.26273213685597063 0.26476600747469103 -0.20049715704486748 -0.40787939736488293 3.0263649762308282 1 CAMERA 1 129
130 1 0.95133468925401099 -0.079523574838381433 0.23062283149110305 0.18828547384736063 -0.25220202822500992 -0.20338230723466266 2.8622033781604292 1 CAMERA 1 130
131 1 0.97162734620549052 -0.049695094576029684 0.17053809393440486 0.15616483662456018 -0.74696765715474189 -0.35164824539967843 3.1401412099747676 1 CAMERA 1 131
132 1 0.9893290753108831 -0.050106847176440865 0.12782071764353509 0.048776518445269784 -0.49927330657625701 -0.56262274117840683 3.1365890737402147 1 CAMERA 1 132
133 1 0.99114461392847875 -0.082290867439143697 0.10352641080952765 0.011951973961531257 -0.49961779116503452 -0.54740481013827447 2.9950044941473535 1 CAMERA 1 133
134 1 0.99361055091649719 -0.075204986974381591 0.079822991536053073 -0.026656576371195825 -0.25316261460515693 -0.5561639396459509 3.0049847151293645 1 CAMERA 1 134
135 1 0.9939719908827287 -0.071387412901356487 0.046986670939712066 -0.068671474236972257 -0.34359922600198478 -0.46317898332158952 2.9196295979341405 1 CAMERA 1 135
136 1 0.99129573486346112 -0.062647194380819102 0.016824811302468261 -0.11456448316279745 -0.3032492950617276 -0.31158916173579121 2.8523720169625992 1 CAMERA 1 136
137 1 0.97671655078244102 -0.048144778310267401 -0.049393595162719017 -0.20314313305157017 -0.54034624179775959 -0.40670321417859501 2.6827894908863108 1 CAMERA 1 137
138 1 0.96827617809553546 -0.044400966155491613 -0.072502979812492513 -0.23497471152332786 -0.47823605745089154 -0.49917427408528459 2.6773684944443468 1 CAMERA 1 138
139 1 0.95254374351987092 -0.051820808802660767 -0.096573014453937067 -0.28398710064977983 -0.22717643115932878 -0.37679456575644149 2.7722159482889785 1 CAMERA 1 139
140 1 0.94296548517330359 -0.055111951508164905 -0.11904198888433612 -0.30595387145009212 -0.035811407637794911 -0.35679645751201344 2.8321532910381597 1 CAMERA 1 140
141 1 0.87455618635962096 -0.040342804156672067 -0.20399118012409148 -0.4380770862353715 -0.41643163857263599 -0.12195597760584219 2.5736347950537164 1 CAMERA 1 141
142 1 0.79631064200314172 -0.048810509894296084 -0.28204731553051948 -0.53287541448112508 0.12896495518271803 -0.47057299277776271 2.9893984870175956 1 CAMERA 1 142
143 1 0.84982678919983756 -0.031397040069208647 -0.25189793879864303 -0.46190484156607681 -0.15658708306002911 -0.29369247578746865 2.7619198157357459 1 CAMERA 1 143
144 1 0.82446702697162333 -0.040118156327629328 -0.26638711192445408 -0.49767716601225803 -0.14033256691417623 -0.31827636501248663 2.899294936846768 1 CAMERA 1 144
145 1 0.7926719265265687 -0.033499300015616781 -0.26985799759883539 -0.54564244238060233 -0.08793563833963744 -0.28245007300522801 2.7134458897702127 1 CAMERA 1 145
146 1 0.67002281403733444 -0.038653753785698637 -0.35703296460514966 -0.649694372896229 0.26955034292709795 -0.13329115904685868 2.8142631427711859 1 CAMERA 1 146
147 1 0.59832993063833217 -0.028131496028695854 -0.37992048664262912 -0.70489030129711949 -0.21635275877682603 -0.058800816305464867 2.5555212475885378 1 CAMERA 1 147
148 1 0.5161647737714582 -0.014739829508259411 -0.42055508524505136 -0.74598262983668351 0.088652454277067014 -0.18428793023438012 2.648784728678887 1 CAMERA 1 148
149 1 -0.39641563563976961 0.0061266525738525729 0.45593665296821001 0.79683051926284987 0.041050808287894563 -0.46763633028019352 2.7403015638141226 1 CAMERA 1 149
150 1 -0.36133681463160972 -0.00090427807041187479 0.43447086914089517 0.8250272435144238 -0.022042728775093633 -0.52032709356559392 2.5701331918482215 1 CAMERA 1 150
151 1 -0.22432942533711361 -0.0085926106245135091 0.45245428643409147 0.86306870795898571 -0.040361779021971592 -0.61042309925316951 2.4629181091573455 1 CAMERA 1 151
152 1 -0.11384155423659367 0.016422167163908839 0.46747648804640929 0.87649081345923563 0.018173909768765789 -0.64668984975658239 2.1266631519396513 1 CAMERA 1 152
153 1 0.036154623118516548 -0.0084515917977824092 0.54550953683784742 0.83728176801014786 -0.031553649466529152 -0.80782478721523543 3.0928572304781619 1 CAMERA 1 153
154 1 0.081230872703384693 -2.265276895371135e-05 0.53284991825958949 0.84230191108500252 0.036330065347592262 -0.80630248984672637 3.1099458349703815 1 CAMERA 1 154
155 1 0.16535340753206315 0.013145122390830714 0.52697879884171439 0.83353392369249701 -0.095898452357176353 -0.60628467752834492 2.8865152498053841 1 CAMERA 1 155
156 1 0.23590686106404662 0.026987268013195002 0.50294692705110211 0.83106198856520097 0.030423742298980337 -0.64883058481239109 2.480243933475029 1 CAMERA 1 156
157 1 0.3219346413180893 0.031673810736845047 0.47084556886056667 0.82076751075878318 -0.042779681309006119 -0.63177386713004824 2.2988903487830106 1 CAMERA 1 157
158 1 0.33400141585810394 0.042030631682891846 0.45819404862070284 0.8226388600191995 0.17250848647115602 -0.72572271616908091 2.1703914380555571 1 CAMERA 1 158
159 1 0.37243944525515238 0.039894231650965312 0.44398745859829114 0.81398553212354108 0.10735008226927545 -0.58052996017920488 2.0827695904355017 1 CAMERA 1 159
160 1 -0.26913388137992883 -0.13114086491849844 0.35019024050253833 0.88754482866984075 0.49327924442559645 -0.17229155156273773 2.4004382928666308 1 CAMERA 1 160
161 1 0.70706647744178408 0.030421530535947712 0.29415622211053727 0.6423423105724656 -0.57840717840562339 -0.23620130259840424 5.8567937971402779 1 CAMERA 1 161
162 1 0.71248860593362962 0.022299202507057279 0.30505412345562855 0.63150986828791567 -0.5818422479917863 -0.40706942197055845 6.1930485138537295 1 CAMERA 1 162
163 1 0.69646280425961971 0.029223319995024692 0.31958036851120769 0.6418363871840983 -0.69206482503775479 -0.013994888408122009 5.4788659906860113 1 CAMERA 1 163
164 1 0.70107860931444588 0.03821479094853699 0.35307908406136523 0.618355539890175 -0.55574828675885035 -0.027866127648817612 5.0470188149088928 1 CAMERA 1 164
165 1 0.16166976470016298 -0.0049796890410840179 0.451720084960889 0.87737509351575249 -0.19302518731930879 -1.7084134025149325 5.9175838182243377 1 CAMERA 1 165
166 1 0.063183344588684034 -0.033513964252561826 0.45681645498318613 0.88668111834145902 -0.54441219634598692 -1.661139911412238 6.0416019270457761 1 CAMERA 1 166
167 1 -0.24633777048216865 -0.029710782258782636 0.42080626151218392 0.87255777030726467 -0.162903001260081 -1.5109018632446245 5.7161687217102166 1 CAMERA 1 167
168 1 -0.36348422583982504 -0.060459652997617498 0.39909979732429351 0.83960895642003408 -0.063052430914280547 -0.82532523009433201 5.2777472468598008 1 CAMERA 1 168
169 1 -0.46532814626867125 -0.08090569472897359 0.33848590216606139 0.81384966602279307 0.018852439434450384 -0.56898453280693451 4.7510182589737155 1 CAMERA 1 169
170 1 0.68719513701012758 0.07874721470932923 -0.23800383804852165 -0.68184741175671271 0.083335146249138389 -0.7704402315152673 4.5405249345256786 1 CAMERA 1 170
171 1 0.78056597708125464 0.1046387698164309 -0.20269710468428961 -0.58196337258206954 -0.54887923621166534 -0.60702742283867439 4.5331091824016889 1 CAMERA 1 171
